0.5            800.09615      
0.504797       850.237398     
0.509593       860.545479     
0.51439        834.245891     
0.519187       855.188        
0.523984       871.157806     
0.52878        882.773728     
0.533577       909.512325     
0.538374       948.854922     
0.54317        937.630204     
0.547967       962.38189      
0.552764       959.472489     
0.55756        986.705528     
0.562357       972.287039     
0.567154       980.333345     
0.571951       1044.25646     
0.576747       1036.01281     
0.581544       1061.23892     
0.586341       1049.39588     
0.591137       1068.43587     
0.595934       1092.69523     
0.600731       1143.05612     
0.605528       1127.49580     
0.610324       1173.47611     
0.615121       1178.51637     
0.619918       1154.14437     
0.624714       1211.64099     
0.629511       1212.22735     
0.634308       1242.72388     
0.639104       1250.05574     
0.643901       1270.42953     
0.648698       1284.72358     
0.653495       1307.52726     
0.658291       1303.34714     
0.663088       1313.10282     
0.667885       1332.14516     
0.672681       1325.97923     
0.677478       1386.40041     
0.682275       1338.30625     
0.687072       1401.76459     
0.691868       1407.76839     
0.696665       1405.26999     
0.701462       1430.94040     
0.706258       1464.74844     
0.711055       1454.83169     
0.715852       1481.51194     
0.720648       1525.85644     
0.725445       1491.44927     
0.730242       1526.97934     
0.735039       1502.80669     
0.739835       1535.95168     
0.744632       1552.87688     
0.749429       1581.24334     
0.754225       1579.78650     
0.759022       1591.59439     
0.763819       1616.15724     
0.768616       1597.59583     
0.773412       1629.21713     
0.778209       1646.79791     
0.783006       1659.17350     
0.787802       1661.37368     
0.792599       1680.67686     
0.797396       1686.83589     
0.802192       1684.34239     
0.806989       1719.34651     
0.811786       1683.49162     
0.816583       1725.87472     
0.821379       1705.47259     
0.826176       1750.80638     
0.830973       1725.42886     
0.835769       1751.98627     
0.840566       1762.97868     
0.845363       1766.08994     
0.850159       1782.38146     
0.854956       1759.42306     
0.859753       1776.72484     
0.86455        1781.42860     
0.869346       1771.18996     
0.874143       1818.21311     
0.87894        1794.24726     
0.883736       1814.76205     
0.888533       1828.61890     
0.89333        1804.17373     
0.898127       1815.66124     
0.902923       1820.57135     
0.90772        1823.30122     
0.912517       1828.62743     
0.917313       1842.27580     
0.92211        1839.80682     
0.926907       1829.60389     
0.931703       1861.93534     
0.9365         1861.04470     
0.941297       1863.64468     
0.946094       1876.35137     
0.95089        1868.74641     
0.955687       1877.24322     
0.960484       1864.18098     
0.96528        1894.09431     
0.970077       1876.28753     
0.974874       1867.72202     
0.979671       1879.56404     
0.984467       1886.09920     
0.989264       1890.56248     
0.994061       1902.62337     
0.998857       1916.02553     
1.003654       1891.32784     
1.008451       1902.16027     
1.013247       1887.88265     
1.018044       1920.3337      
1.022841       1924.92764     
1.027638       1922.70725     
1.032434       1948.39588     
1.037231       1938.22771     
1.042028       1926.12459     
1.046824       1919.62680     
1.051621       1946.92080     
1.056418       1925.73257     
1.061215       1942.79040     
1.066011       1953.28609     
1.070808       1979.64597     
1.075605       1946.93547     
1.080401       1957.73353     
1.085198       1959.41361     
1.089995       1977.16782     
1.094791       1980.43315     
1.099588       1975.50259     
1.104385       2007.37975     
1.109182       1972.47342     
1.113978       1964.27895     
1.118775       1985.19522     
1.123572       1980.84047     
1.128368       1988.57902     
1.133165       1997.19017     
1.137962       1969.36433     
1.142759       1988.13862     
1.147555       2003.13283     
1.152352       1985.24762     
1.157149       2029.08057     
1.161945       2010.9413      
1.166742       2015.79078     
1.171539       2032.91921     
1.176335       2038.40705     
1.181132       2032.80478     
1.185929       2032.01437     
1.190726       2035.61046     
1.195522       2047.02642     
1.200319       2017.49872     
1.205116       2035.23589     
1.209912       2043.16572     
1.214709       2059.72799     
1.219506       2077.78253     
1.224303       2042.70097     
1.229099       2051.0465      
1.233896       2064.29312     
1.238693       2069.13465     
1.243489       2070.24626     
1.248286       2065.30791     
1.253083       2062.11061     
1.257879       2082.87350     
1.262676       2058.48755     
1.267473       2080.46878     
1.27227        2074.00599     
1.277066       2075.91156     
1.281863       2080.35867     
1.28666        2075.85576     
1.291456       2070.62491     
1.296253       2077.59114     
1.30105        2088.07668     
1.305847       2095.38729     
1.310643       2098.80283     
1.31544        2093.35789     
1.320237       2093.21118     
1.325033       2098.43770     
1.32983        2109.34882     
1.334627       2093.65925     
1.339423       2108.6956      
1.34422        2112.85167     
1.349017       2118.48589     
1.353814       2115.70590     
1.35861        2126.13592     
1.363407       2132.37045     
1.368204       2136.78404     
1.373          2151.50593     
1.377797       2132.22515     
1.382594       2142.39770     
1.38739        2141.57701     
1.392187       2137.05451     
1.396984       2128.08834     
1.401781       2128.04542     
1.406577       2115.74370     
1.411374       2150.84506     
1.416171       2129.69184     
1.420967       2146.75206     
1.425764       2137.56927     
1.430561       2151.79270     
1.435358       2150.99679     
1.440154       2156.14526     
1.444951       2171.73196     
1.449748       2152.41721     
1.454544       2166.85330     
1.459341       2173.25538     
1.464138       2178.16223     
1.468934       2199.49921     
1.473731       2185.21674     
1.478528       2186.85596     
1.483325       2184.93663     
1.488121       2185.35997     
1.492918       2184.22162     
1.497715       2181.24465     
1.502511       2193.88427     
1.507308       2190.91832     
1.512105       2201.45051     
1.516902       2219.80330     
1.521698       2235.86842     
1.526495       2208.67254     
1.531292       2217.40115     
1.536088       2230.46039     
1.540885       2232.45107     
1.545682       2220.66944     
1.550478       2224.17180     
1.555275       2237.19212     
1.560072       2231.97370     
1.564869       2231.53111     
1.569665       2225.82109     
1.574462       2250.52844     
1.579259       2253.02676     
1.584055       2259.79911     
1.588852       2236.63406     
1.593649       2241.74234     
1.598446       2252.41245     
1.603242       2258.59120     
1.608039       2272.79987     
1.612836       2276.57        
1.617632       2262.92126     
1.622429       2270.83971     
1.627226       2278.31763     
1.632022       2280.41395     
1.636819       2276.00281     
1.641616       2276.45776     
1.646413       2269.13135     
1.651209       2277.03166     
1.656006       2276.25626     
1.660803       2280.85621     
1.665599       2291.33196     
1.670396       2283.70053     
1.675193       2279.25597     
1.67999        2289.99533     
1.684786       2288.32275     
1.689583       2305.56690     
1.69438        2301.82845     
1.699176       2310.76610     
1.703973       2315.84353     
1.70877        2292.14612     
1.713566       2309.69556     
1.718363       2323.55454     
1.72316        2325.20288     
1.727957       2325.07398     
1.732753       2315.68853     
1.73755        2328.53194     
1.742347       2321.47694     
1.747143       2325.82313     
1.75194        2338.37042     
1.756737       2344.43048     
1.761534       2345.52434     
1.76633        2324.52216     
1.771127       2340.41146     
1.775924       2345.62462     
1.78072        2349.87161     
1.785517       2349.68870     
1.790314       2352.24588     
1.79511        2364.23134     
1.799907       2359.19648     
1.804704       2368.55698     
1.809501       2352.78371     
1.814297       2375.21517     
1.819094       2379.31025     
1.823891       2369.96876     
1.828687       2375.33098     
1.833484       2383.42605     
1.838281       2389.98074     
1.843078       2401.2894      
1.847874       2385.55976     
1.852671       2408.19792     
1.857468       2405.02139     
1.862264       2408.88275     
1.867061       2411.75763     
1.871858       2426.51749     
1.876654       2427.52886     
1.881451       2424.66699     
1.886248       2430.49297     
1.891045       2422.06180     
1.895841       2437.54001     
1.900638       2424.98203     
1.905435       2444.43695     
1.910231       2440.02369     
1.915028       2452.39356     
1.919825       2442.41508     
1.924621       2447.27237     
1.929418       2463.06972     
1.934215       2448.80755     
1.939012       2448.27501     
1.943808       2475.95909     
1.948605       2450.89795     
1.953402       2462.09038     
1.958198       2475.36125     
1.962995       2480.35828     
1.967792       2481.06256     
1.972589       2474.79797     
1.977385       2486.79744     
1.982182       2493.01735     
1.986979       2486.73276     
1.991775       2502.69890     
1.996572       2494.03768     
2.001369       2503.66931     
2.006165       2518.70672     
2.010962       2521.44567     
2.015759       2528.99490     
2.020556       2539.74816     
2.025352       2537.38067     
2.030149       2554.82220     
2.034946       2541.08257     
2.039742       2559.15540     
2.044539       2576.14135     
2.049336       2553.35925     
2.054133       2567.23481     
2.058929       2561.66389     
2.063726       2577.05036     
2.068523       2580.96708     
2.073319       2583.94168     
2.078116       2602.32750     
2.082913       2614.50042     
2.087709       2619.90542     
2.092506       2625.78092     
2.097303       2641.52455     
2.1021         2639.75934     
2.106896       2638.37202     
2.111693       2658.76753     
2.11649        2658.38425     
2.121286       2681.26520     
2.126083       2691.16623     
2.13088        2701.30597     
2.135677       2717.20216     
2.140473       2726.21399     
2.14527        2759.27916     
2.150067       2741.12180     
2.154863       2768.17892     
2.15966        2778.35844     
2.164457       2782.59811     
2.169253       2797.31819     
2.17405        2833.71564     
2.178847       2842.77985     
2.183644       2870.53541     
2.18844        2894.59243     
2.193237       2897.27549     
2.198034       2900.75201     
2.20283        2918.75938     
2.207627       2948.09928     
2.212424       2985.17246     
2.217221       2980.55389     
2.222017       3016.50123     
2.226814       3031.65250     
2.231611       3058.30573     
2.236407       3070.17569     
2.241204       3108.25953     
2.246001       3129.83270     
2.250797       3154.86639     
2.255594       3190.16368     
2.260391       3218.62342     
2.265188       3249.19377     
2.269984       3285.53795     
2.274781       3314.98273     
2.279578       3357.51067     
2.284374       3396.19023     
2.289171       3424.04033     
2.293968       3449.61156     
2.298765       3494.29584     
2.303561       3526.48499     
2.308358       3539.37592     
2.313155       3565.31206     
2.317951       3600.93537     
2.322748       3647.13591     
2.327545       3685.51491     
2.332341       3715.62792     
2.337138       3756.49535     
2.341935       3802.61458     
2.346732       3840.71331     
2.351528       3891.40377     
2.356325       3957.64925     
2.361122       4032.07229     
2.365918       4108.18760     
2.370715       4214.32294     
2.375512       4307.41330     
2.380309       4400.29116     
2.385105       4554.30472     
2.389902       4686.88189     
2.394699       4888.29943     
2.399495       5106.95727     
2.404292       5338.21606     
2.409089       5667.92082     
2.413885       6050.13545     
2.418682       6555.38285     
2.423479       7211.24779     
2.428276       8144.75349     
2.433072       9326.86919     
2.437869       11079.1756     
2.442666       13315.2589     
2.447462       16223.8967     
2.452259       19518.6732     
2.457056       22356.6199     
2.461852       24033.3229     
2.466649       24006.6048     
2.471446       22201.7779     
2.476243       19303.0765     
2.481039       16088.3596     
2.485836       13423.7591     
2.490633       11144.3895     
2.495429       9687.18926     
2.500226       8574.55745     
2.505023       7803.74650     
2.50982        7254.39259     
2.514616       6863.09821     
2.519413       6560.0549      
2.52421        6374.54738     
2.529006       6218.68594     
2.533803       6108.32894     
2.5386         6060.52729     
2.543396       6019.96351     
2.548193       5992.74847     
2.55299        5998.64896     
2.557787       6024.51270     
2.562583       6043.05779     
2.56738        6083.32359     
2.572177       6162.65290     
2.576973       6215.86490     
2.58177        6291.15575     
2.586567       6368.80692     
2.591364       6454.64498     
2.59616        6543.32333     
2.600957       6660.28828     
2.605754       6765.78403     
2.61055        6874.29957     
2.615347       6983.89728     
2.620144       7110.79143     
2.62494        7218.08301     
2.629737       7340.57170     
2.634534       7469.38880     
2.639331       7575.32501     
2.644127       7698.33163     
2.648924       7807.72977     
2.653721       7905.99700     
2.658517       7978.41596     
2.663314       8053.85316     
2.668111       8108.80338     
2.672908       8149.97441     
2.677704       8182.98334     
2.682501       8171.21351     
2.687298       8218.12127     
2.692094       8181.01033     
2.696891       8153.56403     
2.701688       8104.10485     
2.706484       8023.22575     
2.711281       7948.52996     
2.716078       7810.23944     
2.720875       7683.66326     
2.725671       7523.49095     
2.730468       7356.86502     
2.735265       7206.94324     
2.740061       7018.35137     
2.744858       6872.56374     
2.749655       6674.66862     
2.754452       6532.68186     
2.759248       6367.02773     
2.764045       6229.65819     
2.768842       6096.96647     
2.773638       5964.07257     
2.778435       5833.472       
2.783232       5714.61655     
2.788028       5605.44777     
2.792825       5486.05129     
2.797622       5384.28319     
2.802419       5273.23115     
2.807215       5197.96327     
2.812012       5115.12611     
2.816809       5035.50296     
2.821605       4949.22295     
2.826402       4894.94867     
2.831199       4805.85878     
2.835996       4749.01919     
2.840792       4703.14902     
2.845589       4625.78558     
2.850386       4586.06439     
2.855182       4515.26765     
2.859979       4483.91408     
2.864776       4425.97466     
2.869572       4387.72210     
2.874369       4342.69199     
2.879166       4310.73095     
2.883963       4289.79310     
2.888759       4240.79828     
2.893556       4220.88507     
2.898353       4176.52778     
2.903149       4162.42639     
2.907946       4136.68060     
2.912743       4107.23601     
2.91754        4092.76161     
2.922336       4066.96895     
2.927133       4051.57592     
2.93193        4028.84870     
2.936726       4021.32019     
2.941523       3994.93803     
2.94632        3983.52271     
2.951116       3970.61113     
2.955913       3955.32634     
2.96071        3938.61758     
2.965507       3919.72304     
2.970303       3917.07290     
2.9751         3909.55644     
2.979897       3893.61555     
2.984693       3878.32566     
2.98949        3883.70322     
2.994287       3871.05650     
2.999083       3853.58070     
3.00388        3848.74393     
3.008677       3846.98111     
3.013474       3844.01652     
3.01827        3827.50222     
3.023067       3827.40235     
3.027864       3812.44385     
3.03266        3829.99510     
3.037457       3826.56148     
3.042254       3810.02713     
3.047051       3820.39545     
3.051847       3813.84426     
3.056644       3822.46389     
3.061441       3816.07549     
3.066237       3820.97197     
3.071034       3803.19352     
3.075831       3807.68405     
3.080627       3795.30893     
3.085424       3811.50718     
3.090221       3812.05576     
3.095018       3809.76854     
3.099814       3820.48116     
3.104611       3817.45240     
3.109408       3818.55033     
3.114204       3812.43689     
3.119001       3813.65193     
3.123798       3809.18153     
3.128595       3813.6461      
3.133391       3806.72673     
3.138188       3825.96789     
3.142985       3818.97963     
3.147781       3827.71541     
3.152578       3826.38953     
3.157375       3815.98011     
3.162171       3832.36012     
3.166968       3834.14993     
3.171765       3838.10160     
3.176562       3824.31447     
3.181358       3838.19102     
3.186155       3830.05511     
3.190952       3836.90186     
3.195748       3847.19414     
3.200545       3827.76630     
3.205342       3855.59381     
3.210139       3850.42502     
3.214935       3858.84145     
3.219732       3857.34284     
3.224529       3877.09775     
3.229325       3869.41438     
3.234122       3864.80765     
3.238919       3880.98726     
3.243715       3883.24925     
3.248512       3887.86148     
3.253309       3905.56952     
3.258106       3893.92895     
3.262902       3896.86508     
3.267699       3906.46815     
3.272496       3918.43034     
3.277292       3912.46366     
3.282089       3921.41083     
3.286886       3922.31966     
3.291683       3927.54600     
3.296479       3939.91589     
3.301276       3953.10804     
3.306073       3944.07539     
3.310869       3952.32678     
3.315666       3954.23381     
3.320463       3977.69963     
3.325259       3970.89782     
3.330056       3985.73313     
3.334853       3993.17794     
3.33965        3993.03684     
3.344446       3999.97353     
3.349243       3993.18327     
3.35404        4011.95562     
3.358836       4003.56139     
3.363633       4014.24958     
3.36843        4017.80301     
3.373227       4017.65140     
3.378023       4031.23988     
3.38282        4012.96837     
3.387617       4036.14142     
3.392413       4021.58232     
3.39721        4027.17720     
3.402007       4027.14532     
3.406803       4031.02768     
3.4116         4042.14864     
3.416397       4031.57210     
3.421194       4046.03488     
3.42599        4047.70386     
3.430787       4056.53134     
3.435584       4061.50864     
3.44038        4064.62102     
3.445177       4073.19544     
3.449974       4073.02241     
3.454771       4067.85947     
3.459567       4094.35426     
3.464364       4102.04591     
3.469161       4116.18387     
3.473957       4106.66020     
3.478754       4123.68786     
3.483551       4144.45411     
3.488347       4154.68589     
3.493144       4156.33861     
3.497941       4168.63175     
3.502738       4193.62907     
3.507534       4202.89355     
3.512331       4217.30357     
3.517128       4235.61952     
3.521924       4245.77878     
3.526721       4269.88311     
3.531518       4290.97919     
3.536315       4323.15143     
3.541111       4343.71834     
3.545908       4345.05675     
3.550705       4374.57278     
3.555501       4399.77041     
3.560298       4429.77013     
3.565095       4462.21580     
3.569891       4489.21483     
3.574688       4502.44463     
3.579485       4539.02401     
3.584282       4552.95644     
3.589078       4591.54932     
3.593875       4591.85864     
3.598672       4636.31630     
3.603468       4656.77788     
3.608265       4675.72065     
3.613062       4688.67262     
3.617858       4707.53895     
3.622655       4715.95663     
3.627452       4732.19261     
3.632249       4721.90563     
3.637045       4740.95642     
3.641842       4741.27057     
3.646639       4742.29146     
3.651435       4733.59493     
3.656232       4721.54425     
3.661029       4711.63714     
3.665826       4685.90033     
3.670622       4669.59434     
3.675419       4647.64663     
3.680216       4620.73156     
3.685012       4587.12260     
3.689809       4582.48234     
3.694606       4533.90519     
3.699402       4525.35536     
3.704199       4498.39725     
3.708996       4473.22416     
3.713793       4463.58968     
3.718589       4447.42755     
3.723386       4416.97504     
3.728183       4391.09008     
3.732979       4338.98412     
3.737776       4290.31229     
3.742573       4241.05017     
3.74737        4169.50440     
3.752166       4128.94185     
3.756963       4083.87145     
3.76176        4042.88953     
3.766556       4024.06667     
3.771353       3993.31186     
3.77615        3954.64901     
3.780946       3921.74025     
3.785743       3881.21513     
3.79054        3837.02603     
3.795337       3812.03874     
3.800133       3764.79478     
3.80493        3714.42258     
3.809727       3663.94846     
3.814523       3637.24973     
3.81932        3604.13971     
3.824117       3569.79162     
3.828914       3528.46079     
3.83371        3507.32106     
3.838507       3489.15818     
3.843304       3459.91931     
3.8481         3445.85700     
3.852897       3419.62217     
3.857694       3407.27095     
3.86249        3376.65131     
3.867287       3372.04955     
3.872084       3340.32128     
3.876881       3338.57174     
3.881677       3305.02870     
3.886474       3308.11263     
3.891271       3277.00459     
3.896067       3259.95354     
3.900864       3248.94433     
3.905661       3211.39569     
3.910458       3217.67794     
3.915254       3199.24808     
3.920051       3185.72863     
3.924848       3177.83585     
3.929644       3161.65813     
3.934441       3147.29352     
3.939238       3134.07256     
3.944034       3124.38725     
3.948831       3107.85609     
3.953628       3110.11622     
3.958425       3084.47299     
3.963221       3092.84217     
3.968018       3073.25031     
3.972815       3074.55323     
3.977611       3067.55476     
3.982408       3041.56519     
3.987205       3045.89537     
3.992002       3045.80321     
3.996798       3030.58028     
4.001595       3009.94358     
4.006392       3026.98639     
4.011188       3015.45233     
4.015985       3011.53838     
4.020782       3009.98258     
4.025578       2997.05372     
4.030375       2987.93309     
4.035172       2997.04731     
4.039969       2993.45103     
4.044765       2990.55536     
4.049562       2986.81522     
4.054359       2995.35626     
4.059155       2997.33685     
4.063952       2980.59204     
4.068749       2977.81693     
4.073546       2980.49204     
4.078342       2977.54691     
4.083139       2992.65384     
4.087936       2976.70352     
4.092732       2980.12759     
4.097529       2986.33083     
4.102326       2984.93922     
4.107122       2985.87418     
4.111919       2985.29237     
4.116716       3001.08154     
4.121513       3011.37611     
4.126309       3020.77489     
4.131106       3020.86217     
4.135903       3034.73848     
4.140699       3025.09801     
4.145496       3029.74839     
4.150293       3023.43783     
4.155089       3029.60735     
4.159886       3025.97527     
4.164683       3047.43332     
4.16948        3047.52748     
4.174276       3052.82313     
4.179073       3070.23008     
4.18387        3075.93134     
4.188666       3087.58314     
4.193463       3096.53911     
4.19826        3116.69527     
4.203057       3124.37141     
4.207853       3141.86912     
4.21265        3147.65664     
4.217447       3165.47178     
4.222243       3171.86238     
4.22704        3192.44265     
4.231837       3200.37078     
4.236633       3212.97965     
4.24143        3240.87658     
4.246227       3252.49316     
4.251024       3288.52791     
4.25582        3312.58837     
4.260617       3341.68831     
4.265414       3358.03517     
4.27021        3395.95508     
4.275007       3400.36567     
4.279804       3427.84394     
4.284601       3457.70161     
4.289397       3485.27151     
4.294194       3498.55275     
4.298991       3536.02904     
4.303787       3564.40314     
4.308584       3605.54006     
4.313381       3644.21824     
4.318177       3705.83177     
4.322974       3785.73712     
4.327771       3881.63197     
4.332568       3990.63201     
4.337364       4134.56534     
4.342161       4280.87720     
4.346958       4394.23283     
4.351754       4472.35155     
4.356551       4496.87541     
4.361348       4470.17138     
4.366145       4374.37197     
4.370941       4275.70066     
4.375738       4168.77129     
4.380535       4077.58129     
4.385331       4003.96184     
4.390128       3962.56849     
4.394925       3913.31541     
4.399721       3891.52778     
4.404518       3870.69191     
4.409315       3861.72822     
4.414112       3832.72859     
4.418908       3825.43293     
4.423705       3823.15652     
4.428502       3810.58498     
4.433298       3814.03048     
4.438095       3796.20938     
4.442892       3789.37599     
4.447689       3796.07543     
4.452485       3794.01453     
4.457282       3795.05098     
4.462079       3799.06857     
4.466875       3806.00348     
4.471672       3806.17394     
4.476469       3798.55661     
4.481265       3818.40660     
4.486062       3834.94573     
4.490859       3848.93654     
4.495656       3869.05591     
4.500452       3887.54820     
4.505249       3915.70574     
4.510046       3955.27642     
4.514842       4018.11923     
4.519639       4090.11418     
4.524436       4167.61610     
4.529233       4289.83640     
4.534029       4449.92881     
4.538826       4644.57750     
4.543623       4894.21825     
4.548419       5257.74901     
4.553216       5664.47243     
4.558013       6150.41158     
4.562809       6632.56167     
4.567606       6973.74219     
4.572403       7133.45705     
4.5772         6960.30152     
4.581996       6558.20470     
4.586793       5972.80535     
4.59159        5408.69371     
4.596386       4905.46870     
4.601183       4507.44096     
4.60598        4258.38067     
4.610777       4069.98739     
4.615573       3958.11065     
4.62037        3886.84330     
4.625167       3864.00422     
4.629963       3878.50200     
4.63476        3917.23970     
4.639557       3988.69921     
4.644353       4072.02201     
4.64915        4152.15350     
4.653947       4188.29105     
4.658744       4145.86910     
4.66354        4079.42527     
4.668337       3964.95371     
4.673134       3860.30762     
4.67793        3774.13425     
4.682727       3709.73349     
4.687524       3659.90306     
4.69232        3647.62040     
4.697117       3608.25550     
4.701914       3621.00576     
4.706711       3638.64902     
4.711507       3669.53488     
4.716304       3704.92992     
4.721101       3763.18949     
4.725897       3820.63722     
4.730694       3894.11714     
4.735491       3966.46124     
4.740288       4078.75815     
4.745084       4209.09485     
4.749881       4344.80890     
4.754678       4517.75944     
4.759474       4736.37808     
4.764271       4985.41589     
4.769068       5282.72217     
4.773864       5649.21426     
4.778661       6101.93638     
4.783458       6661.42382     
4.788255       7366.96792     
4.793051       8249.54263     
4.797848       9428.74491     
4.802645       10937.2037     
4.807441       12949.5162     
4.812238       15852.0013     
4.817035       19579.3860     
4.821832       24777.0477     
4.826628       31446.2328     
4.831425       38844.1257     
4.836222       45991.9814     
4.841018       50782.6717     
4.845815       51866.5312     
4.850612       48798.7169     
4.855408       42534.4700     
4.860205       35131.7446     
4.865002       27766.2241     
4.869799       22106.2602     
4.874595       17643.7006     
4.879392       14495.8831     
4.884189       12326.8529     
4.888985       10718.5579     
4.893782       9633.09943     
4.898579       8906.05106     
4.903376       8527.20355     
4.908172       8437.74563     
4.912969       8617.76038     
4.917766       9010.21418     
4.922562       9429.30788     
4.927359       9728.10900     
4.932156       9647.93907     
4.936952       9214.81515     
4.941749       8406.54295     
4.946546       7519.85713     
4.951343       6649.27905     
4.956139       5932.15193     
4.960936       5373.65068     
4.965733       4956.86836     
4.970529       4647.38391     
4.975326       4398.24794     
4.980123       4223.29483     
4.98492        4066.49186     
4.989716       3944.39791     
4.994513       3839.03386     
4.99931        3758.35515     
5.004106       3687.74531     
5.008903       3642.26036     
5.0137         3572.87400     
5.018496       3543.88727     
5.023293       3517.33642     
5.02809        3492.14812     
5.032887       3481.58013     
5.037683       3465.55448     
5.04248        3454.87654     
5.047277       3443.72461     
5.052073       3443.36518     
5.05687        3438.61341     
5.061667       3452.36006     
5.066464       3453.39817     
5.07126        3469.01719     
5.076057       3487.65690     
5.080854       3486.46416     
5.08565        3524.18343     
5.090447       3540.96863     
5.095244       3560.70822     
5.10004        3594.40640     
5.104837       3643.80797     
5.109634       3688.41682     
5.114431       3737.12867     
5.119227       3805.40754     
5.124024       3872.87533     
5.128821       3955.87815     
5.133617       4048.26811     
5.138414       4171.03042     
5.143211       4310.99962     
5.148008       4470.69786     
5.152804       4676.39755     
5.157601       4957.32273     
5.162398       5297.55439     
5.167194       5771.32501     
5.171991       6395.70833     
5.176788       7217.14449     
5.181584       8193.3316      
5.186381       9192.44954     
5.191178       10028.8139     
5.195975       10418.4024     
5.200771       10253.5462     
5.205568       9553.38031     
5.210365       8582.37290     
5.215161       7563.08127     
5.219958       6622.86956     
5.224755       5933.72569     
5.229551       5414.63363     
5.234348       5030.66339     
5.239145       4762.61011     
5.243942       4561.33019     
5.248738       4399.04354     
5.253535       4258.54896     
5.258332       4152.58168     
5.263128       4035.91879     
5.267925       3929.17403     
5.272722       3834.85193     
5.277519       3763.3709      
5.282315       3683.59246     
5.287112       3623.82830     
5.291909       3561.10213     
5.296705       3508.35514     
5.301502       3452.69029     
5.306299       3415.51427     
5.311095       3370.41530     
5.315892       3330.26447     
5.320689       3299.09926     
5.325486       3279.29547     
5.330282       3262.23901     
5.335079       3240.64415     
5.339876       3230.88608     
5.344672       3227.50118     
5.349469       3220.80515     
5.354266       3212.02094     
5.359063       3213.62311     
5.363859       3203.08752     
5.368656       3207.75024     
5.373453       3203.81098     
5.378249       3203.23218     
5.383046       3198.95967     
5.387843       3171.51282     
5.392639       3166.08928     
5.397436       3138.27439     
5.402233       3120.24104     
5.40703        3105.86529     
5.411826       3088.56904     
5.416623       3052.78678     
5.42142        3028.26857     
5.426216       3014.37732     
5.431013       2971.35037     
5.43581        2943.97376     
5.440607       2915.11711     
5.445403       2898.72388     
5.4502         2884.02359     
5.454997       2872.61241     
5.459793       2862.80115     
5.46459        2857.47511     
5.469387       2847.60805     
5.474183       2844.10690     
5.47898        2845.91667     
5.483777       2827.91384     
5.488574       2834.71847     
5.49337        2850.00461     
5.498167       2850.98334     
5.502964       2865.95370     
5.50776        2861.70254     
5.512557       2879.44470     
5.517354       2880.03065     
5.522151       2883.52564     
5.526947       2877.51016     
5.531744       2890.60744     
5.536541       2900.58877     
5.541337       2905.55831     
5.546134       2917.01810     
5.550931       2928.21192     
5.555727       2933.03671     
5.560524       2941.01067     
5.565321       2944.35568     
5.570118       2950.52223     
5.574914       2969.98731     
5.579711       2953.35127     
5.584508       2964.40920     
5.589304       2966.10301     
5.594101       2967.47311     
5.598898       2973.63108     
5.603695       2970.72270     
5.608491       2972.47597     
5.613288       2975.00497     
5.618085       2980.43164     
5.622881       2964.16417     
5.627678       2968.75979     
5.632475       2943.55833     
5.637271       2960.06751     
5.642068       2933.9939      
5.646865       2923.27262     
5.651662       2918.13547     
5.656458       2899.92701     
5.661255       2886.38034     
5.666052       2869.77073     
5.670848       2857.68329     
5.675645       2839.05071     
5.680442       2827.09873     
5.685239       2811.03322     
5.690035       2798.60689     
5.694832       2784.26290     
5.699629       2773.02945     
5.704425       2750.88294     
5.709222       2746.82072     
5.714019       2729.49251     
5.718815       2701.88088     
5.723612       2685.48975     
5.728409       2661.83938     
5.733206       2645.96525     
5.738002       2619.15369     
5.742799       2597.97675     
5.747596       2576.51249     
5.752392       2560.81219     
5.757189       2532.40457     
5.761986       2520.22928     
5.766783       2506.40654     
5.771579       2502.81808     
5.776376       2474.34635     
5.781173       2467.55293     
5.785969       2455.39893     
5.790766       2430.35539     
5.795563       2423.48289     
5.800359       2417.15845     
5.805156       2409.65429     
5.809953       2397.20733     
5.81475        2389.34945     
5.819546       2374.78923     
5.824343       2362.52053     
5.82914        2365.91988     
5.833936       2340.73874     
5.838733       2345.93479     
5.84353        2343.03765     
5.848326       2336.62116     
5.853123       2323.30860     
5.85792        2323.28953     
5.862717       2316.66099     
5.867513       2307.17369     
5.87231        2319.70808     
5.877107       2308.70822     
5.881903       2310.67774     
5.8867         2318.85222     
5.891497       2317.75860     
5.896294       2322.42769     
5.90109        2327.70246     
5.905887       2324.89901     
5.910684       2323.96188     
5.91548        2321.29815     
5.920277       2312.67435     
5.925074       2316.03019     
5.92987        2308.56013     
5.934667       2318.55538     
5.939464       2298.14335     
5.944261       2311.38363     
5.949057       2308.26713     
5.953854       2310.91281     
5.958651       2321.03428     
5.963447       2327.99816     
5.968244       2347.30018     
5.973041       2341.28455     
5.977838       2356.99047     
5.982634       2361.44316     
5.987431       2379.59179     
5.992228       2389.60839     
5.997024       2407.97575     
6.001821       2408.56900     
6.006618       2432.17907     
6.011414       2436.49352     
6.016211       2440.51623     
6.021008       2438.97314     
6.025805       2440.77493     
6.030601       2439.75247     
6.035398       2446.00034     
6.040195       2456.32112     
6.044991       2457.56131     
6.049788       2459.37294     
6.054585       2470.73020     
6.059382       2485.29218     
6.064178       2495.45206     
6.068975       2500.17803     
6.073772       2508.64283     
6.078568       2518.94317     
6.083365       2541.53769     
6.088162       2551.76414     
6.092958       2579.62504     
6.097755       2595.38410     
6.102552       2616.91719     
6.107349       2641.51360     
6.112145       2679.09901     
6.116942       2712.56558     
6.121739       2741.86566     
6.126535       2775.38937     
6.131332       2816.03558     
6.136129       2880.25034     
6.140926       2930.29858     
6.145722       2999.24909     
6.150519       3070.05070     
6.155316       3152.23062     
6.160112       3232.07183     
6.164909       3336.30485     
6.169706       3458.72123     
6.174502       3596.81335     
6.179299       3742.18847     
6.184096       3932.36329     
6.188893       4163.08038     
6.193689       4414.47521     
6.198486       4747.08336     
6.203283       5147.43127     
6.208079       5650.95112     
6.212876       6252.35956     
6.217673       7073.03964     
6.22247        8095.72075     
6.227266       9564.40950     
6.232063       11440.9206     
6.23686        13946.9221     
6.241656       17096.1856     
6.246453       20542.3289     
6.25125        23940.8053     
6.256046       26169.9964     
6.260843       26769.3150     
6.26564        25394.2420     
6.270437       22349.1700     
6.275233       18863.9787     
6.28003        15171.0731     
6.284827       12300.7027     
6.289623       9998.56689     
6.29442        8349.45897     
6.299217       7142.50026     
6.304014       6255.17506     
6.30881        5589.86961     
6.313607       5064.89628     
6.318404       4682.30379     
6.3232         4336.08224     
6.327997       4077.24992     
6.332794       3846.04182     
6.33759        3675.84379     
6.342387       3520.53637     
6.347184       3377.47728     
6.351981       3273.55029     
6.356777       3182.26760     
6.361574       3110.94782     
6.366371       3035.78352     
6.371167       2980.44725     
6.375964       2921.33387     
6.380761       2891.28190     
6.385557       2842.07933     
6.390354       2816.81484     
6.395151       2791.96687     
6.399948       2777.96521     
6.404744       2757.74792     
6.409541       2757.60261     
6.414338       2751.59193     
6.419134       2736.90550     
6.423931       2742.49794     
6.428728       2744.56464     
6.433525       2767.46582     
6.438321       2770.14279     
6.443118       2798.91754     
6.447915       2820.34150     
6.452711       2859.41230     
6.457508       2896.67299     
6.462305       2934.98625     
6.467101       2991.20860     
6.471898       3055.08960     
6.476695       3164.07835     
6.481492       3273.59172     
6.486288       3426.93177     
6.491085       3619.48251     
6.495882       3912.36631     
6.500678       4273.93355     
6.505475       4780.37918     
6.510272       5366.08703     
6.515069       5983.64157     
6.519865       6505.47686     
6.524662       6765.94887     
6.529459       6686.26446     
6.534255       6289.37861     
6.539052       5725.36851     
6.543849       5104.39309     
6.548645       4575.71961     
6.553442       4147.41881     
6.558239       3843.58621     
6.563036       3629.57021     
6.567832       3457.37032     
6.572629       3334.77586     
6.577426       3250.71637     
6.582222       3191.19102     
6.587019       3130.32982     
6.591816       3102.27168     
6.596613       3065.03280     
6.601409       3050.01450     
6.606206       3022.62742     
6.611003       3009.39693     
6.615799       2999.53999     
6.620596       2980.41779     
6.625393       2978.30092     
6.630189       2962.66452     
6.634986       2959.84279     
6.639783       2937.73717     
6.64458        2942.38171     
6.649376       2938.03131     
6.654173       2926.20346     
6.65897        2932.60489     
6.663766       2943.47817     
6.668563       2953.10047     
6.67336        2976.11404     
6.678157       3024.37765     
6.682953       3064.20422     
6.68775        3138.89202     
6.692547       3232.75168     
6.697343       3385.34801     
6.70214        3568.84924     
6.706937       3842.55928     
6.711733       4142.66453     
6.71653        4511.66707     
6.721327       4829.11989     
6.726124       5020.57972     
6.73092        5028.49801     
6.735717       4822.62440     
6.740514       4492.06142     
6.74531        4096.71965     
6.750107       3726.94663     
6.754904       3409.48654     
6.759701       3169.05208     
6.764497       3017.43035     
6.769294       2874.87006     
6.774091       2775.71136     
6.778887       2703.39542     
6.783684       2649.96659     
6.788481       2594.30832     
6.793277       2572.56177     
6.798074       2531.18101     
6.802871       2510.52426     
6.807668       2485.83881     
6.812464       2468.15256     
6.817261       2455.62566     
6.822058       2432.8728      
6.826854       2422.03522     
6.831651       2397.02992     
6.836448       2385.46388     
6.841245       2375.46497     
6.846041       2362.80348     
6.850838       2351.04908     
6.855635       2347.00915     
6.860431       2332.65483     
6.865228       2333.67235     
6.870025       2325.45436     
6.874821       2319.50544     
6.879618       2327.66523     
6.884415       2327.01004     
6.889212       2329.75123     
6.894008       2339.08613     
6.898805       2348.47472     
6.903602       2366.95564     
6.908398       2391.38951     
6.913195       2391.70342     
6.917992       2404.88865     
6.922788       2393.82123     
6.927585       2384.50019     
6.932382       2366.70306     
6.937179       2344.92992     
6.941975       2349.94354     
6.946772       2333.60672     
6.951569       2337.82147     
6.956365       2333.42148     
6.961162       2341.17530     
6.965959       2352.66328     
6.970756       2366.60792     
6.975552       2384.12233     
6.980349       2394.12413     
6.985146       2412.06716     
6.989942       2424.89285     
6.994739       2423.84690     
6.999536       2432.24067     
7.004332       2433.15575     
7.009129       2422.73338     
7.013926       2417.66083     
7.018723       2409.16431     
7.023519       2391.65616     
7.028316       2365.65196     
7.033113       2340.88086     
7.037909       2317.42788     
7.042706       2296.46689     
7.047503       2278.97434     
7.0523         2250.53178     
7.057096       2243.57059     
7.061893       2214.02660     
7.06669        2214.70801     
7.071486       2189.03065     
7.076283       2174.86583     
7.08108        2165.75367     
7.085876       2142.98128     
7.090673       2134.77492     
7.09547        2125.12008     
7.100267       2131.17597     
7.105063       2120.62040     
7.10986        2124.57014     
7.114657       2118.52635     
7.119453       2120.46715     
7.12425        2121.49659     
7.129047       2116.89348     
7.133844       2124.85489     
7.13864        2121.85548     
7.143437       2128.76758     
7.148234       2133.18133     
7.15303        2129.50364     
7.157827       2129.37788     
7.162624       2137.87053     
7.16742        2147.28096     
7.172217       2147.41016     
7.177014       2167.09095     
7.181811       2169.13990     
7.186607       2189.02638     
7.191404       2186.84846     
7.196201       2198.52145     
7.200997       2209.1851      
7.205794       2230.06845     
7.210591       2252.44701     
7.215388       2262.09127     
7.220184       2278.66650     
7.224981       2305.41669     
7.229778       2317.82713     
7.234574       2343.29700     
7.239371       2372.53777     
7.244168       2403.48774     
7.248964       2427.36828     
7.253761       2465.62595     
7.258558       2493.40556     
7.263355       2536.39831     
7.268151       2586.93555     
7.272948       2637.62603     
7.277745       2690.76361     
7.282541       2748.50515     
7.287338       2799.60186     
7.292135       2874.99280     
7.296932       2938.07732     
7.301728       3037.68518     
7.306525       3115.63047     
7.311322       3218.31487     
7.316118       3334.36765     
7.320915       3472.72551     
7.325712       3619.98291     
7.330508       3807.88677     
7.335305       4006.47805     
7.340102       4254.00061     
7.344899       4565.42829     
7.349695       4941.58974     
7.354492       5423.49260     
7.359289       6036.43274     
7.364085       6853.66877     
7.368882       7937.16040     
7.373679       9396.34217     
7.378476       11292.1004     
7.383272       13720.2025     
7.388069       16320.8759     
7.392866       18800.8954     
7.397662       20457.2406     
7.402459       20747.8275     
7.407256       19630.1486     
7.412052       17340.9868     
7.416849       14630.5634     
7.421646       12012.6011     
7.426443       9835.01856     
7.431239       8182.89849     
7.436036       6927.54067     
7.440833       6040.86439     
7.445629       5359.29632     
7.450426       4871.73589     
7.455223       4494.03058     
7.460019       4203.47687     
7.464816       3968.41575     
7.469613       3767.15805     
7.47441        3595.36403     
7.479206       3459.83062     
7.484003       3328.07089     
7.4888         3220.90070     
7.493596       3123.54590     
7.498393       3048.14961     
7.50319        2987.52119     
7.507987       2931.20752     
7.512783       2893.20403     
7.51758        2854.56587     
7.522377       2830.97553     
7.527173       2802.59974     
7.53197        2788.85772     
7.536767       2773.06071     
7.541563       2786.30038     
7.54636        2795.59468     
7.551157       2809.22154     
7.555954       2830.96256     
7.56075        2848.34964     
7.565547       2881.03086     
7.570344       2905.97302     
7.57514        2924.12910     
7.579937       2931.84983     
7.584734       2944.35920     
7.589531       2952.70257     
7.594327       2957.19478     
7.599124       2947.61160     
7.603921       2936.6848      
7.608717       2923.98602     
7.613514       2883.54198     
7.618311       2845.47514     
7.623107       2809.93287     
7.627904       2773.83821     
7.632701       2733.62723     
7.637498       2713.83111     
7.642294       2693.28664     
7.647091       2676.51754     
7.651888       2661.50066     
7.656684       2631.34840     
7.661481       2628.11596     
7.666278       2603.74950     
7.671075       2602.35174     
7.675871       2595.05585     
7.680668       2589.29039     
7.685465       2585.91340     
7.690261       2589.67380     
7.695058       2595.95026     
7.699855       2604.38800     
7.704651       2623.46940     
7.709448       2635.56299     
7.714245       2663.61252     
7.719042       2676.32351     
7.723838       2699.59207     
7.728635       2711.64996     
7.733432       2738.14351     
7.738228       2768.38245     
7.743025       2783.94894     
7.747822       2803.62690     
7.752619       2827.68575     
7.757415       2854.23576     
7.762212       2866.5542      
7.767009       2911.04254     
7.771805       2928.28009     
7.776602       2957.72425     
7.781399       2984.97749     
7.786195       3013.92492     
7.790992       3034.80288     
7.795789       3067.02366     
7.800586       3088.43135     
7.805382       3122.22794     
7.810179       3136.15954     
7.814976       3160.78536     
7.819772       3165.38847     
7.824569       3180.41821     
7.829366       3183.45497     
7.834163       3181.52074     
7.838959       3191.96348     
7.843756       3181.31202     
7.848553       3179.30791     
7.853349       3169.38456     
7.858146       3169.86783     
7.862943       3155.60019     
7.867739       3142.01004     
7.872536       3137.04592     
7.877333       3121.55917     
7.88213        3124.16465     
7.886926       3107.95034     
7.891723       3120.40700     
7.89652        3110.29399     
7.901316       3112.71576     
7.906113       3123.48002     
7.91091        3143.97729     
7.915707       3183.82924     
7.920503       3219.06876     
7.9253         3290.76341     
7.930097       3373.76544     
7.934893       3498.02154     
7.93969        3653.07031     
7.944487       3903.5607      
7.949283       4228.59618     
7.95408        4635.55935     
7.958877       5082.94611     
7.963674       5560.45328     
7.96847        5877.93990     
7.973267       6004.52177     
7.978064       5860.90282     
7.98286        5512.22905     
7.987657       5051.25646     
7.992454       4573.02942     
7.99725        4191.74095     
8.002047       3891.90262     
8.006844       3680.86351     
8.011641       3541.60489     
8.016437       3461.73076     
8.021234       3425.78404     
8.026031       3421.95216     
8.030827       3455.44451     
8.035624       3531.36486     
8.040421       3653.53829     
8.045218       3810.88271     
8.050014       4054.32237     
8.054811       4385.13618     
8.059608       4833.69729     
8.064404       5423.81272     
8.069201       6165.04491     
8.073998       6952.96434     
8.078794       7744.26059     
8.083591       8287.14708     
8.088388       8427.50053     
8.093185       8129.58288     
8.097981       7439.31608     
8.102778       6563.31167     
8.107575       5670.65364     
8.112371       4908.65549     
8.117168       4328.77771     
8.121965       3886.32410     
8.126762       3557.82032     
8.131558       3320.37222     
8.136355       3127.27721     
8.141152       2973.27206     
8.145948       2853.88368     
8.150745       2744.93731     
8.155542       2659.19578     
8.160338       2588.44630     
8.165135       2523.65263     
8.169932       2466.28788     
8.174729       2424.02297     
8.179525       2383.26271     
8.184322       2347.11951     
8.189119       2320.01617     
8.193915       2290.82268     
8.198712       2269.72755     
8.203509       2249.36485     
8.208306       2235.76737     
8.213102       2210.64777     
8.217899       2198.16925     
8.222696       2184.98275     
8.227492       2180.59797     
8.232289       2164.80627     
8.237086       2155.11042     
8.241882       2147.22775     
8.246679       2137.16746     
8.251476       2134.45293     
8.256273       2125.72963     
8.261069       2128.49296     
8.265866       2114.22567     
8.270663       2123.96665     
8.275459       2115.87421     
8.280256       2116.70419     
8.285053       2117.91014     
8.28985        2118.62225     
8.294646       2118.00904     
8.299443       2124.28578     
8.30424        2126.19386     
8.309036       2115.78089     
8.313833       2118.64476     
8.31863        2115.70308     
8.323426       2116.35423     
8.328223       2120.00394     
8.33302        2113.07703     
8.337817       2102.59419     
8.342613       2097.15399     
8.34741        2088.29325     
8.352207       2081.36630     
8.357003       2087.49361     
8.3618         2074.10342     
8.366597       2072.68095     
8.371394       2071.31879     
8.37619        2062.94258     
8.380987       2063.55982     
8.385784       2050.62276     
8.39058        2028.26540     
8.395377       2030.36753     
8.400174       2013.72442     
8.40497        2001.68095     
8.409767       1994.11302     
8.414564       1973.85386     
8.419361       1969.87727     
8.424157       1951.22122     
8.428954       1938.85766     
8.433751       1943.96511     
8.438547       1945.31148     
8.443344       1932.32418     
8.448141       1933.84054     
8.452938       1927.13016     
8.457734       1934.19915     
8.462531       1935.19950     
8.467328       1941.01546     
8.472124       1946.79152     
8.476921       1941.28676     
8.481718       1941.16068     
8.486514       1945.36404     
8.491311       1953.09414     
8.496108       1950.31999     
8.500905       1967.66060     
8.505701       1981.96301     
8.510498       1987.77354     
8.515295       1994.97000     
8.520091       2011.79674     
8.524888       2024.47213     
8.529685       2035.07962     
8.534482       2049.84158     
8.539278       2066.31044     
8.544075       2077.86957     
8.548872       2093.96045     
8.553668       2098.42563     
8.558465       2094.78179     
8.563262       2102.76786     
8.568058       2108.03516     
8.572855       2100.70347     
8.577652       2103.46572     
8.582449       2103.86129     
8.587245       2101.83421     
8.592042       2100.08006     
8.596839       2099.30148     
8.601635       2100.24598     
8.606432       2103.81261     
8.611229       2103.79537     
8.616025       2121.90948     
8.620822       2128.86537     
8.625619       2136.76726     
8.630416       2159.25358     
8.635212       2175.56429     
8.640009       2203.22510     
8.644806       2220.54557     
8.649602       2252.41480     
8.654399       2285.29860     
8.659196       2338.51371     
8.663993       2389.78632     
8.668789       2459.39641     
8.673586       2554.44417     
8.678383       2666.90839     
8.683179       2813.20780     
8.687976       2977.62637     
8.692773       3157.94669     
8.697569       3315.55759     
8.702366       3396.04174     
8.707163       3394.62212     
8.71196        3297.62806     
8.716756       3132.09225     
8.721553       2952.43367     
8.72635        2787.37417     
8.731146       2645.0066      
8.735943       2539.21465     
8.74074        2472.30293     
8.745537       2424.11496     
8.750333       2394.17913     
8.75513        2385.31758     
8.759927       2381.22859     
8.764723       2380.15314     
8.76952        2410.84662     
8.774317       2434.39351     
8.779113       2471.15852     
8.78391        2528.90364     
8.788707       2593.26755     
8.793504       2676.04761     
8.7983         2784.99709     
8.803097       2916.96369     
8.807894       3089.40053     
8.81269        3321.25091     
8.817487       3643.39225     
8.822284       4055.38470     
8.827081       4602.43695     
8.831877       5271.23624     
8.836674       6028.18413     
8.841471       6728.04783     
8.846267       7272.82982     
8.851064       7437.18712     
8.855861       7239.97492     
8.860657       6739.58731     
8.865454       6083.49423     
8.870251       5478.48069     
8.875048       4971.07724     
8.879844       4660.16944     
8.884641       4478.01348     
8.889438       4381.27589     
8.894234       4312.08604     
8.899031       4214.44786     
8.903828       4080.06558     
8.908625       3895.13019     
8.913421       3700.45217     
8.918218       3511.25002     
8.923015       3364.64375     
8.927811       3225.79325     
8.932608       3122.89382     
8.937405       3024.13072     
8.942201       2958.54984     
8.946998       2875.65336     
8.951795       2817.05735     
8.956592       2757.50002     
8.961388       2716.57776     
8.966185       2669.43393     
8.970982       2625.96685     
8.975778       2597.08100     
8.980575       2550.02123     
8.985372       2529.58965     
8.990169       2491.32766     
8.994965       2467.72629     
8.999762       2431.18052     
9.004559       2415.41637     
9.009355       2398.03480     
9.014152       2380.87800     
9.018949       2355.92567     
9.023745       2337.83103     
9.028542       2331.34076     
9.033339       2320.03753     
9.038136       2304.24447     
9.042932       2303.09805     
9.047729       2288.88968     
9.052526       2288.50757     
9.057322       2277.89977     
9.062119       2280.84907     
9.066916       2282.0307      
9.071713       2288.0234      
9.076509       2300.38227     
9.081306       2320.62894     
9.086103       2336.17191     
9.090899       2361.32784     
9.095696       2400.33172     
9.100493       2444.27851     
9.105289       2492.41489     
9.110086       2563.07917     
9.114883       2649.77231     
9.11968        2746.86120     
9.124476       2886.09271     
9.129273       3048.44505     
9.13407        3236.34481     
9.138866       3466.93045     
9.143663       3679.44426     
9.14846        3882.26324     
9.153256       4016.59848     
9.158053       4024.79367     
9.16285        3905.61160     
9.167647       3662.92506     
9.172443       3373.21144     
9.17724        3089.67672     
9.182037       2844.54784     
9.186833       2653.81651     
9.19163        2515.27963     
9.196427       2417.53872     
9.201224       2336.91774     
9.20602        2287.74176     
9.210817       2245.99223     
9.215614       2226.79179     
9.22041        2203.99601     
9.225207       2190.03791     
9.230004       2174.11673     
9.2348         2169.17699     
9.239597       2156.91153     
9.244394       2161.34865     
9.249191       2149.70261     
9.253987       2149.61444     
9.258784       2145.19752     
9.263581       2143.82511     
9.268377       2140.3249      
9.273174       2137.60182     
9.277971       2132.00598     
9.282768       2131.65564     
9.287564       2122.32202     
9.292361       2128.23810     
9.297158       2123.29188     
9.301954       2121.22388     
9.306751       2120.80363     
9.311548       2119.04229     
9.316344       2109.82372     
9.321141       2103.82293     
9.325938       2081.66263     
9.330735       2065.72276     
9.335531       2053.31107     
9.340328       2030.27643     
9.345125       2016.06167     
9.349921       2005.80747     
9.354718       1977.58728     
9.359515       1971.79682     
9.364312       1968.55921     
9.369108       1949.59660     
9.373905       1948.0323      
9.378702       1946.75252     
9.383498       1947.44929     
9.388295       1938.70340     
9.393092       1939.37705     
9.397888       1936.29180     
9.402685       1948.16460     
9.407482       1947.92856     
9.412279       1966.12963     
9.417075       1965.04069     
9.421872       1972.06013     
9.426669       1978.36360     
9.431465       2005.20598     
9.436262       2029.44534     
9.441059       2055.25262     
9.445856       2092.66839     
9.450652       2136.20794     
9.455449       2198.77233     
9.460246       2281.09259     
9.465042       2377.33381     
9.469839       2490.66448     
9.474636       2610.93310     
9.479432       2688.80389     
9.484229       2744.06951     
9.489026       2738.80537     
9.493823       2672.98204     
9.498619       2577.01979     
9.503416       2458.70417     
9.508213       2365.25910     
9.513009       2285.01991     
9.517806       2226.59249     
9.522603       2173.54759     
9.5274         2151.49987     
9.532196       2125.02858     
9.536993       2105.79134     
9.54179        2088.46235     
9.546586       2075.94607     
9.551383       2078.37481     
9.55618        2071.91076     
9.560976       2081.52744     
9.565773       2069.89508     
9.57057        2077.23270     
9.575367       2085.02098     
9.580163       2083.55929     
9.58496        2096.78235     
9.589757       2110.63115     
9.594553       2129.43243     
9.59935        2145.99213     
9.604147       2154.77467     
9.608944       2189.75761     
9.61374        2222.42124     
9.618537       2244.20514     
9.623334       2286.26374     
9.62813        2329.63702     
9.632927       2391.52505     
9.637724       2459.86364     
9.64252        2540.85230     
9.647317       2643.35516     
9.652114       2780.97768     
9.656911       2940.50859     
9.661707       3167.40877     
9.666504       3450.70940     
9.671301       3834.28267     
9.676097       4338.05070     
9.680894       4951.49833     
9.685691       5667.46202     
9.690487       6327.76911     
9.695284       6838.13274     
9.700081       7017.49420     
9.704878       6828.96281     
9.709674       6296.87157     
9.714471       5619.63997     
9.719268       4895.06111     
9.724064       4271.40359     
9.728861       3763.93225     
9.733658       3367.97298     
9.738455       3096.27810     
9.743251       2869.76366     
9.748048       2711.49476     
9.752845       2589.78856     
9.757641       2493.84670     
9.762438       2414.96276     
9.767235       2352.40049     
9.772031       2297.08537     
9.776828       2251.83720     
9.781625       2219.41635     
9.786422       2193.68828     
9.791218       2168.94900     
9.796015       2153.16198     
9.800812       2140.86105     
9.805608       2126.27250     
9.810405       2126.40919     
9.815202       2113.53046     
9.819999       2116.57036     
9.824795       2105.54191     
9.829592       2129.2856      
9.834389       2126.06659     
9.839185       2149.84618     
9.843982       2167.72149     
9.848779       2189.78107     
9.853575       2226.87244     
9.858372       2256.14607     
9.863169       2307.25723     
9.867966       2342.25955     
9.872762       2370.09091     
9.877559       2367.05537     
9.882356       2353.98159     
9.887152       2325.60148     
9.891949       2287.44100     
9.896746       2250.65992     
9.901543       2239.85752     
9.906339       2224.49535     
9.911136       2218.91646     
9.915933       2207.92060     
9.920729       2212.78630     
9.925526       2211.31192     
9.930323       2220.87599     
9.935119       2236.44060     
9.939916       2236.78211     
9.944713       2256.65915     
9.94951        2277.89539     
9.954306       2305.7748      
9.959103       2347.32437     
9.9639         2393.86884     
9.968696       2462.26706     
9.973493       2544.37075     
9.97829        2671.43525     
9.983087       2829.86376     
9.987883       3051.27134     
9.99268        3312.58909     
9.997477       3606.91185     
10.002273      3853.10608     
10.00707       4009.36307     
10.011867      4036.58157     
10.016663      3900.58824     
10.02146       3663.87903     
10.026257      3371.76649     
10.031054      3102.83432     
10.03585       2863.64057     
10.040647      2687.75639     
10.045444      2556.33208     
10.05024       2455.78562     
10.055037      2375.95849     
10.059834      2321.27202     
10.064631      2271.51217     
10.069427      2241.23684     
10.074224      2208.39655     
10.079021      2186.90084     
10.083817      2175.57142     
10.088614      2154.64961     
10.093411      2147.17416     
10.098207      2139.50399     
10.103004      2133.39288     
10.107801      2127.10141     
10.112598      2120.78211     
10.117394      2117.71501     
10.122191      2114.32792     
10.126988      2095.47778     
10.131784      2106.40213     
10.136581      2094.34720     
10.141378      2099.01031     
10.146175      2090.74907     
10.150971      2087.20497     
10.155768      2088.79630     
10.160565      2081.26557     
10.165361      2085.27387     
10.170158      2084.85377     
10.174955      2086.71521     
10.179751      2082.24040     
10.184548      2081.92859     
10.189345      2075.45836     
10.194142      2080.33120     
10.198938      2078.50355     
10.203735      2079.74122     
10.208532      2078.16009     
10.213328      2078.97716     
10.218125      2082.10054     
10.222922      2079.66970     
10.227718      2079.19447     
10.232515      2077.56853     
10.237312      2081.26461     
10.242109      2079.03871     
10.246905      2074.72916     
10.251702      2071.97933     
10.256499      2071.43912     
10.261295      2070.29186     
10.266092      2074.20262     
10.270889      2075.31114     
10.275686      2070.08457     
10.280482      2071.41556     
10.285279      2062.68742     
10.290076      2065.49413     
10.294872      2072.22762     
10.299669      2069.58292     
10.304466      2069.06029     
10.309262      2075.64112     
10.314059      2073.96306     
10.318856      2079.30277     
10.323653      2085.59125     
10.328449      2094.22763     
10.333246      2096.87721     
10.338043      2102.49382     
10.342839      2114.00400     
10.347636      2115.57267     
10.352433      2131.63213     
10.35723       2150.57475     
10.362026      2169.18115     
10.366823      2198.18156     
10.37162       2241.30751     
10.376416      2279.94235     
10.381213      2357.90474     
10.38601       2426.40005     
10.390806      2522.51846     
10.395603      2614.78615     
10.4004        2692.04701     
10.405197      2730.91306     
10.409993      2735.30637     
10.41479       2690.25954     
10.419587      2604.20237     
10.424383      2507.06116     
10.42918       2408.77270     
10.433977      2337.86207     
10.438774      2272.37915     
10.44357       2223.64712     
10.448367      2193.25097     
10.453164      2162.25180     
10.45796       2134.39272     
10.462757      2118.49690     
10.467554      2101.11845     
10.47235       2084.15358     
10.477147      2069.16945     
10.481944      2056.65847     
10.486741      2054.56573     
10.491537      2037.14599     
10.496334      2032.99438     
10.501131      2021.52869     
10.505927      2023.51438     
10.510724      2015.18934     
10.515521      2002.36942     
10.520318      2002.75311     
10.525114      2002.04366     
10.529911      1994.75461     
10.534708      1987.10205     
10.539504      1990.05491     
10.544301      1976.05134     
10.549098      1970.03493     
10.553894      1971.57060     
10.558691      1959.93623     
10.563488      1963.24504     
10.568285      1955.64026     
10.573081      1961.65725     
10.577878      1958.77034     
10.582675      1951.12688     
10.587471      1948.32568     
10.592268      1953.04647     
10.597065      1943.59331     
10.601862      1939.33802     
10.606658      1930.69381     
10.611455      1930.28650     
10.616252      1918.60715     
10.621048      1912.98897     
10.625845      1912.11901     
10.630642      1909.85517     
10.635438      1903.86498     
10.640235      1904.82045     
10.645032      1901.49674     
10.649829      1897.74157     
10.654625      1900.69930     
10.659422      1911.01152     
10.664219      1916.54992     
10.669015      1911.06480     
10.673812      1915.50952     
10.678609      1921.90043     
10.683406      1932.73766     
10.688202      1931.83230     
10.692999      1949.31157     
10.697796      1953.70599     
10.702592      1973.25377     
10.707389      1988.50145     
10.712186      2012.56305     
10.716982      2036.20928     
10.721779      2071.00700     
10.726576      2115.71606     
10.731373      2170.46277     
10.736169      2260.76903     
10.740966      2355.52458     
10.745763      2472.21678     
10.750559      2606.08243     
10.755356      2715.40958     
10.760153      2790.46218     
10.764949      2798.64706     
10.769746      2739.89131     
10.774543      2649.68110     
10.77934       2521.91344     
10.784136      2421.32367     
10.788933      2322.34089     
10.79373       2247.30588     
10.798526      2197.2531      
10.803323      2173.43499     
10.80812       2133.44800     
10.812917      2125.63647     
10.817713      2114.98903     
10.82251       2109.21429     
10.827307      2121.67820     
10.832103      2126.10783     
10.8369        2141.21447     
10.841697      2166.04961     
10.846493      2194.04111     
10.85129       2233.18353     
10.856087      2279.51570     
10.860884      2371.14798     
10.86568       2469.88114     
10.870477      2589.02631     
10.875274      2720.48183     
10.88007       2835.42702     
10.884867      2917.95493     
10.889664      2939.25600     
10.894461      2896.84086     
10.899257      2819.08425     
10.904054      2712.88683     
10.908851      2621.59683     
10.913647      2543.97041     
10.918444      2495.57643     
10.923241      2477.52497     
10.928037      2489.72927     
10.932834      2528.49145     
10.937631      2598.40658     
10.942428      2694.63751     
10.947224      2837.94681     
10.952021      3021.67399     
10.956818      3237.05187     
10.961614      3446.21466     
10.966411      3620.12655     
10.971208      3703.12768     
10.976005      3663.08327     
10.980801      3523.68751     
10.985598      3312.36912     
10.990395      3085.18366     
10.995191      2871.6595      
10.999988      2684.75015     
11.004785      2545.42371     
11.009581      2442.22646     
11.014378      2359.38100     
11.019175      2299.72340     
11.023972      2251.62931     
11.028768      2207.32766     
11.033565      2172.24502     
11.038362      2154.54531     
11.043158      2129.40864     
11.047955      2116.16726     
11.052752      2101.88262     
11.057549      2091.40500     
11.062345      2072.02495     
11.067142      2073.90722     
11.071939      2063.68947     
11.076735      2056.13184     
11.081532      2046.20583     
11.086329      2043.83916     
11.091125      2032.82883     
11.095922      2025.69888     
11.100719      2027.59530     
11.105516      2019.98150     
11.110312      2012.42911     
11.115109      2006.18077     
11.119906      2012.64104     
11.124702      2014.90385     
11.129499      2015.89877     
11.134296      2014.05989     
11.139093      2010.64508     
11.143889      2008.43264     
11.148686      2010.57772     
11.153483      2018.81674     
11.158279      2026.32676     
11.163076      2025.49931     
11.167873      2037.27075     
11.172669      2044.22278     
11.177466      2054.11268     
11.182263      2064.09161     
11.18706       2080.29951     
11.191856      2090.77755     
11.196653      2110.43113     
11.20145       2140.37635     
11.206246      2165.02081     
11.211043      2202.05001     
11.21584       2253.68040     
11.220637      2309.06500     
11.225433      2396.99673     
11.23023       2493.41735     
11.235027      2620.88043     
11.239823      2750.32550     
11.24462       2877.26805     
11.249417      2971.88764     
11.254213      3010.75045     
11.25901       2992.40551     
11.263807      2904.18985     
11.268604      2782.88957     
11.2734        2655.81254     
11.278197      2525.97165     
11.282994      2437.45387     
11.28779       2360.86015     
11.292587      2302.58631     
11.297384      2276.63544     
11.302181      2246.62565     
11.306977      2222.26958     
11.311774      2213.24318     
11.316571      2192.41539     
11.321367      2182.81096     
11.326164      2167.33767     
11.330961      2156.59321     
11.335757      2147.00184     
11.340554      2132.10341     
11.345351      2127.75981     
11.350148      2132.83962     
11.354944      2123.78598     
11.359741      2127.50706     
11.364538      2123.87811     
11.369334      2122.96135     
11.374131      2124.75368     
11.378928      2128.60229     
11.383724      2131.54234     
11.388521      2130.75047     
11.393318      2140.71419     
11.398115      2140.48633     
11.402911      2149.38373     
11.407708      2154.39063     
11.412505      2158.37357     
11.417301      2164.74949     
11.422098      2169.90372     
11.426895      2194.07722     
11.431692      2192.31762     
11.436488      2205.24666     
11.441285      2220.28971     
11.446082      2247.89073     
11.450878      2260.56578     
11.455675      2277.13619     
11.460472      2308.32852     
11.465268      2338.99791     
11.470065      2370.43439     
11.474862      2409.79912     
11.479659      2456.83787     
11.484455      2510.51568     
11.489252      2573.38476     
11.494049      2654.53687     
11.498845      2746.28332     
11.503642      2870.14796     
11.508439      3016.07007     
11.513236      3217.82930     
11.518032      3478.88067     
11.522829      3814.34603     
11.527626      4196.29675     
11.532422      4656.05370     
11.537219      5069.24374     
11.542016      5416.55341     
11.546812      5552.03213     
11.551609      5485.40163     
11.556406      5199.08946     
11.561203      4803.08134     
11.565999      4379.28536     
11.570796      3980.36593     
11.575593      3651.82966     
11.580389      3399.11624     
11.585186      3215.22400     
11.589983      3069.74088     
11.59478       2959.72135     
11.599576      2886.61130     
11.604373      2819.17593     
11.60917       2787.89266     
11.613966      2738.36264     
11.618763      2714.13354     
11.62356       2702.65987     
11.628356      2677.74672     
11.633153      2673.71147     
11.63795       2674.94401     
11.642747      2681.86212     
11.647543      2693.08746     
11.65234       2701.46010     
11.657137      2725.34581     
11.661933      2752.61088     
11.66673       2798.12741     
11.671527      2855.26573     
11.676324      2939.50997     
11.68112       3035.19667     
11.685917      3145.94605     
11.690714      3259.35325     
11.69551       3343.45150     
11.700307      3400.84692     
11.705104      3420.14369     
11.7099        3402.35626     
11.714697      3356.63168     
11.719494      3325.11088     
11.724291      3305.60435     
11.729087      3323.48632     
11.733884      3362.10355     
11.738681      3438.93839     
11.743477      3552.33338     
11.748274      3720.39907     
11.753071      3947.98104     
11.757868      4254.10073     
11.762664      4614.96989     
11.767461      5060.85609     
11.772258      5528.09742     
11.777054      5921.83591     
11.781851      6182.85763     
11.786648      6224.01142     
11.791444      6005.81381     
11.796241      5587.61220     
11.801038      5063.45350     
11.805835      4548.17275     
11.810631      4062.91533     
11.815428      3686.25590     
11.820225      3391.42634     
11.825021      3161.53313     
11.829818      3000.48569     
11.834615      2865.55926     
11.839412      2757.09773     
11.844208      2675.95076     
11.849005      2604.72749     
11.853802      2555.89593     
11.858598      2498.13634     
11.863395      2461.67545     
11.868192      2424.92811     
11.872988      2400.48656     
11.877785      2372.98199     
11.882582      2345.26251     
11.887379      2321.80957     
11.892175      2302.32524     
11.896972      2277.20526     
11.901769      2262.1684      
11.906565      2249.96589     
11.911362      2238.24553     
11.916159      2220.04394     
11.920955      2212.84900     
11.925752      2205.65884     
11.930549      2196.67009     
11.935346      2186.43181     
11.940142      2186.82882     
11.944939      2184.21458     
11.949736      2175.06728     
11.954532      2170.75992     
11.959329      2170.30174     
11.964126      2174.51963     
11.968923      2165.41247     
11.973719      2170.75091     
11.978516      2171.97883     
11.983313      2176.53897     
11.988109      2167.03053     
11.992906      2167.61658     
11.997703      2159.26584     
12.002499      2167.93064     
12.007296      2157.84078     
12.012093      2162.78342     
12.01689       2162.76261     
12.021686      2157.89444     
12.026483      2163.64483     
12.03128       2163.41554     
12.036076      2156.14902     
12.040873      2157.58888     
12.04567       2155.96989     
12.050467      2159.56527     
12.055263      2159.39438     
12.06006       2159.78798     
12.064857      2163.19768     
12.069653      2165.40418     
12.07445       2169.62915     
12.079247      2177.96023     
12.084043      2180.60184     
12.08884       2180.87952     
12.093637      2191.78501     
12.098434      2187.42893     
12.10323       2203.21500     
12.108027      2214.71597     
12.112824      2231.16817     
12.11762       2244.20505     
12.122417      2257.88421     
12.127214      2290.23848     
12.132011      2316.28708     
12.136807      2355.88765     
12.141604      2400.28878     
12.146401      2444.70092     
12.151197      2499.06825     
12.155994      2574.12392     
12.160791      2661.58628     
12.165587      2775.48066     
12.170384      2927.49150     
12.175181      3107.23123     
12.179978      3368.36320     
12.184774      3684.63181     
12.189571      4103.10924     
12.194368      4588.71952     
12.199164      5138.42066     
12.203961      5654.38257     
12.208758      6058.98796     
12.213555      6239.13539     
12.218351      6182.67193     
12.223148      5897.55352     
12.227945      5484.00310     
12.232741      4990.59532     
12.237538      4502.66228     
12.242335      4047.05768     
12.247131      3668.14292     
12.251928      3343.45007     
12.256725      3092.89840     
12.261522      2896.69686     
12.266318      2734.23296     
12.271115      2630.23820     
12.275912      2528.28963     
12.280708      2458.40454     
12.285505      2397.65356     
12.290302      2358.11516     
12.295099      2311.67385     
12.299895      2283.01353     
12.304692      2257.89875     
12.309489      2237.02989     
12.314285      2227.32697     
12.319082      2222.93971     
12.323879      2231.26948     
12.328675      2243.08744     
12.333472      2263.09371     
12.338269      2282.94609     
12.343066      2304.41040     
12.347862      2317.67062     
12.352659      2314.89272     
12.357456      2298.40811     
12.362252      2260.13348     
12.367049      2220.35949     
12.371846      2180.53508     
12.376643      2145.07347     
12.381439      2116.75574     
12.386236      2093.76394     
12.391033      2061.31448     
12.395829      2053.55818     
12.400626      2039.43338     
12.405423      2022.08802     
12.410219      2010.99207     
12.415016      2007.30723     
12.419813      1998.40199     
12.42461       1991.06815     
12.429406      1989.61214     
12.434203      1982.70599     
12.439         1978.17505     
12.443796      1977.77008     
12.448593      1968.35290     
12.45339       1970.77423     
12.458186      1968.75629     
12.462983      1966.12670     
12.46778       1965.28059     
12.472577      1971.07744     
12.477373      1967.86120     
12.48217       1968.86966     
12.486967      1971.78973     
12.491763      1974.38274     
12.49656       1971.20311     
12.501357      1971.83589     
12.506154      1971.91079     
12.51095       1977.11178     
12.515747      1978.04178     
12.520544      1975.44075     
12.52534       1977.66565     
12.530137      1971.64688     
12.534934      1980.88275     
12.53973       1983.89870     
12.544527      1978.47685     
12.549324      1976.67599     
12.554121      1977.64353     
12.558917      1977.86155     
12.563714      1969.41575     
12.568511      1967.41689     
12.573307      1966.61708     
12.578104      1967.43585     
12.582901      1963.52500     
12.587698      1960.45942     
12.592494      1962.45218     
12.597291      1961.59938     
12.602088      1957.47762     
12.606884      1952.74750     
12.611681      1950.27416     
12.616478      1952.04475     
12.621274      1943.80183     
12.626071      1941.03583     
12.630868      1942.54670     
12.635665      1935.19186     
12.640461      1940.09916     
12.645258      1932.31293     
12.650055      1941.43193     
12.654851      1926.36222     
12.659648      1936.00151     
12.664445      1932.72826     
12.669242      1934.22831     
12.674038      1922.65679     
12.678835      1937.99350     
12.683632      1935.26627     
12.688428      1936.16219     
12.693225      1939.40095     
12.698022      1933.77207     
12.702818      1945.23661     
12.707615      1958.65477     
12.712412      1965.88125     
12.717209      1973.34657     
12.722005      1980.99918     
12.726802      1990.94764     
12.731599      2004.89600     
12.736395      2028.00096     
12.741192      2055.09961     
12.745989      2078.25414     
12.750786      2120.73748     
12.755582      2162.31156     
12.760379      2218.98423     
12.765176      2296.65827     
12.769972      2363.45708     
12.774769      2444.11289     
12.779566      2500.58317     
12.784362      2538.80087     
12.789159      2552.76621     
12.793956      2550.36649     
12.798753      2562.39645     
12.803549      2589.88248     
12.808346      2650.40658     
12.813143      2750.61322     
12.817939      2906.62234     
12.822736      3086.54986     
12.827533      3274.11034     
12.83233       3438.17766     
12.837126      3505.58897     
12.841923      3467.29055     
12.84672       3339.43449     
12.851516      3119.52987     
12.856313      2894.61821     
12.86111       2676.55762     
12.865906      2487.10385     
12.870703      2345.2834      
12.8755        2227.59674     
12.880297      2140.15308     
12.885093      2074.3975      
12.88989       2028.43266     
12.894687      1989.26907     
12.899483      1958.20733     
12.90428       1934.70950     
12.909077      1911.67749     
12.913874      1895.11216     
12.91867       1878.72751     
12.923467      1875.51457     
12.928264      1864.16857     
12.93306       1855.26267     
12.937857      1854.87591     
12.942654      1850.31351     
12.94745       1848.91547     
12.952247      1844.94272     
12.957044      1844.14218     
12.961841      1841.39375     
12.966637      1852.24504     
12.971434      1843.81080     
12.976231      1841.85272     
12.981027      1854.56779     
12.985824      1858.19965     
12.990621      1863.41148     
12.995417      1866.37576     
13.000214      1870.46957     
13.005011      1872.02404     
13.009808      1884.70644     
13.014604      1885.41106     
13.019401      1895.81502     
13.024198      1897.35345     
13.028994      1908.14613     
13.033791      1916.87813     
13.038588      1934.94694     
13.043385      1960.49747     
13.048181      1987.23227     
13.052978      2019.90965     
13.057775      2053.70823     
13.062571      2099.18573     
13.067368      2136.07983     
13.072165      2156.67561     
13.076961      2154.72266     
13.081758      2132.42802     
13.086555      2099.23019     
13.091352      2056.26803     
13.096148      2008.23190     
13.100945      1977.95278     
13.105742      1943.38038     
13.110538      1931.06998     
13.115335      1918.50919     
13.120132      1894.97698     
13.124929      1892.94041     
13.129725      1890.42444     
13.134522      1888.07002     
13.139319      1889.05648     
13.144115      1898.89301     
13.148912      1912.81618     
13.153709      1939.50713     
13.158505      1964.96741     
13.163302      1988.02925     
13.168099      2024.29777     
13.172896      2051.39694     
13.177692      2079.50135     
13.182489      2088.20939     
13.187286      2095.56034     
13.192082      2091.74483     
13.196879      2089.65644     
13.201676      2100.89963     
13.206473      2132.46277     
13.211269      2174.32073     
13.216066      2236.76569     
13.220863      2346.72183     
13.225659      2467.25195     
13.230456      2621.16235     
13.235253      2783.01213     
13.240049      2937.53876     
13.244846      3038.91454     
13.249643      3057.76382     
13.25444       2991.28048     
13.259236      2850.04829     
13.264033      2671.04952     
13.26883       2487.96073     
13.273626      2323.22225     
13.278423      2185.72175     
13.28322       2066.73594     
13.288017      1985.78853     
13.292813      1919.12409     
13.29761       1862.67316     
13.302407      1825.81985     
13.307203      1786.00073     
13.312         1760.56089     
13.316797      1734.89089     
13.321593      1731.52260     
13.32639       1707.95915     
13.331187      1697.37110     
13.335984      1684.38570     
13.34078       1681.11476     
13.345577      1679.37913     
13.350374      1661.40055     
13.35517       1660.19844     
13.359967      1651.28503     
13.364764      1643.66888     
13.369561      1648.48080     
13.374357      1643.13914     
13.379154      1634.84707     
13.383951      1633.47436     
13.388747      1636.73624     
13.393544      1629.34644     
13.398341      1627.33345     
13.403137      1619.36328     
13.407934      1618.99028     
13.412731      1616.54318     
13.417528      1618.55520     
13.422324      1617.32342     
13.427121      1619.41144     
13.431918      1626.70116     
13.436714      1625.14555     
13.441511      1628.50958     
13.446308      1637.68342     
13.451105      1640.51974     
13.455901      1647.04781     
13.460698      1663.09190     
13.465495      1677.12409     
13.470291      1704.27330     
13.475088      1716.27230     
13.479885      1729.88009     
13.484681      1732.29269     
13.489478      1729.42758     
13.494275      1712.13669     
13.499072      1699.89785     
13.503868      1686.19731     
13.508665      1667.43581     
13.513462      1658.69190     
13.518258      1648.15906     
13.523055      1646.90469     
13.527852      1645.97533     
13.532649      1633.34649     
13.537445      1633.00703     
13.542242      1632.41645     
13.547039      1634.17138     
13.551835      1632.23128     
13.556632      1632.73749     
13.561429      1627.31839     
13.566225      1630.06958     
13.571022      1630.75403     
13.575819      1632.36891     
13.580616      1637.36124     
13.585412      1634.50670     
13.590209      1640.97136     
13.595006      1650.41761     
13.599802      1660.23701     
13.604599      1667.59472     
13.609396      1681.38609     
13.614192      1700.93686     
13.618989      1723.81513     
13.623786      1733.81645     
13.628583      1753.75579     
13.633379      1762.11        
13.638176      1773.16312     
13.642973      1765.69973     
13.647769      1754.88081     
13.652566      1743.04957     
13.657363      1735.53626     
13.66216       1724.28510     
13.666956      1710.98105     
13.671753      1710.16976     
13.67655       1712.00759     
13.681346      1710.15612     
13.686143      1715.97644     
13.69094       1714.46557     
13.695736      1725.61592     
13.700533      1722.09326     
13.70533       1732.35279     
13.710127      1739.47055     
13.714923      1748.85547     
13.71972       1766.93365     
13.724517      1782.98161     
13.729313      1814.81841     
13.73411       1835.01060     
13.738907      1874.48509     
13.743704      1915.89714     
13.7485        1963.96301     
13.753297      2007.12005     
13.758094      2032.10446     
13.76289       2037.85460     
13.767687      2018.26638     
13.772484      1990.50638     
13.77728       1946.64812     
13.782077      1912.13559     
13.786874      1872.66931     
13.791671      1850.60404     
13.796467      1830.85072     
13.801264      1829.62538     
13.806061      1820.05794     
13.810857      1824.96220     
13.815654      1827.32171     
13.820451      1841.86282     
13.825248      1854.43576     
13.830044      1874.33267     
13.834841      1918.50138     
13.839638      1960.19943     
13.844434      2010.56446     
13.849231      2061.27307     
13.854028      2094.58654     
13.858824      2108.60336     
13.863621      2098.383       
13.868418      2060.99004     
13.873215      2009.32158     
13.878011      1956.66502     
13.882808      1898.09966     
13.887605      1854.11162     
13.892401      1822.17227     
13.897198      1790.61120     
13.901995      1770.62316     
13.906792      1756.85909     
13.911588      1748.46132     
13.916385      1736.07555     
13.921182      1739.75731     
13.925978      1735.18603     
13.930775      1742.66077     
13.935572      1747.85137     
13.940368      1760.23298     
13.945165      1769.34491     
13.949962      1787.68565     
13.954759      1790.94274     
13.959555      1808.95622     
13.964352      1826.47860     
13.969149      1837.45633     
13.973945      1847.57153     
13.978742      1849.59396     
13.983539      1835.77340     
13.988336      1817.51654     
13.993132      1799.67631     
13.997929      1769.68017     
14.002726      1749.50482     
14.007522      1736.39199     
14.012319      1715.45945     
14.017116      1707.87198     
14.021912      1700.76869     
14.026709      1691.37791     
14.031506      1686.16966     
14.036303      1675.38849     
14.041099      1677.96499     
14.045896      1665.96882     
14.050693      1669.44043     
14.055489      1664.44621     
14.060286      1662.39787     
14.065083      1652.47907     
14.06988       1654.37520     
14.074676      1652.47649     
14.079473      1654.37533     
14.08427       1653.22585     
14.089066      1650.37309     
14.093863      1656.19905     
14.09866       1663.68937     
14.103456      1675.09474     
14.108253      1684.65212     
14.11305       1707.50909     
14.117847      1737.23224     
14.122643      1769.69053     
14.12744       1818.90977     
14.132237      1866.68933     
14.137033      1924.13822     
14.14183       1974.69996     
14.146627      2001.03109     
14.151423      2019.34315     
14.15622       1994.09874     
14.161017      1958.27755     
14.165814      1907.23793     
14.17061       1857.69246     
14.175407      1808.02503     
14.180204      1763.68960     
14.185         1737.13918     
14.189797      1708.92292     
14.194594      1694.58843     
14.199391      1680.37837     
14.204187      1671.37318     
14.208984      1658.11838     
14.213781      1660.47510     
14.218577      1653.80690     
14.223374      1649.82990     
14.228171      1649.46288     
14.232967      1656.30054     
14.237764      1652.49690     
14.242561      1661.97627     
14.247358      1664.88358     
14.252154      1674.56430     
14.256951      1688.42068     
14.261748      1698.11330     
14.266544      1715.02935     
14.271341      1730.10367     
14.276138      1758.39689     
14.280935      1785.05442     
14.285731      1823.09091     
14.290528      1865.09046     
14.295325      1909.83228     
14.300121      1957.65408     
14.304918      1994.63949     
14.309715      2013.71662     
14.314511      2012.37180     
14.319308      1986.84580     
14.324105      1946.51967     
14.328902      1907.72519     
14.333698      1867.38165     
14.338495      1831.12449     
14.343292      1802.61097     
14.348088      1784.84367     
14.352885      1784.05581     
14.357682      1783.44225     
14.362479      1789.54494     
14.367275      1803.00406     
14.372072      1823.27858     
14.376869      1850.54546     
14.381665      1887.22949     
14.386462      1927.09677     
14.391259      1988.47550     
14.396055      2041.45596     
14.400852      2094.58044     
14.405649      2134.98786     
14.410446      2146.76226     
14.415242      2132.81426     
14.420039      2094.19919     
14.424836      2030.51129     
14.429632      1961.78920     
14.434429      1896.92317     
14.439226      1834.12907     
14.444023      1801.46533     
14.448819      1762.13733     
14.453616      1737.48328     
14.458413      1718.11769     
14.463209      1708.68395     
14.468006      1704.79296     
14.472803      1709.64763     
14.477599      1711.00101     
14.482396      1729.55760     
14.487193      1755.74527     
14.49199       1776.23207     
14.496786      1807.34345     
14.501583      1827.71149     
14.50638       1847.16244     
14.511176      1847.25430     
14.515973      1823.30610     
14.52077       1788.89531     
14.525567      1757.63105     
14.530363      1718.93218     
14.53516       1694.46229     
14.539957      1662.33008     
14.544753      1648.70224     
14.54955       1634.11663     
14.554347      1624.07026     
14.559143      1617.97361     
14.56394       1614.55308     
14.568737      1609.33011     
14.573534      1611.45417     
14.57833       1614.33118     
14.583127      1612.32403     
14.587924      1612.68217     
14.59272       1616.99238     
14.597517      1620.86143     
14.602314      1634.60805     
14.607111      1649.67969     
14.611907      1655.44781     
14.616704      1667.41295     
14.621501      1664.25379     
14.626297      1664.23717     
14.631094      1654.46355     
14.635891      1642.05256     
14.640687      1630.01759     
14.645484      1606.11069     
14.650281      1603.10875     
14.655078      1594.15640     
14.659874      1589.80105     
14.664671      1582.88056     
14.669468      1579.47935     
14.674264      1586.43964     
14.679061      1573.77403     
14.683858      1575.13748     
14.688654      1574.04235     
14.693451      1578.60671     
14.698248      1576.26501     
14.703045      1576.12409     
14.707841      1570.65676     
14.712638      1574.67521     
14.717435      1577.01249     
14.722231      1574.20136     
14.727028      1580.48825     
14.731825      1575.51013     
14.736622      1584.11026     
14.741418      1590.92465     
14.746215      1590.05567     
14.751012      1590.94958     
14.755808      1596.90715     
14.760605      1600.78152     
14.765402      1610.19079     
14.770198      1610.24070     
14.774995      1626.71347     
14.779792      1634.35573     
14.784589      1650.69282     
14.789385      1671.52404     
14.794182      1699.92325     
14.798979      1737.84762     
14.803775      1782.72484     
14.808572      1845.05580     
14.813369      1928.67633     
14.818166      2018.45452     
14.822962      2120.84692     
14.827759      2200.46900     
14.832556      2251.77373     
14.837352      2254.03228     
14.842149      2209.09445     
14.846946      2138.34392     
14.851742      2034.58117     
14.856539      1939.95032     
14.861336      1854.49378     
14.866133      1786.68152     
14.870929      1721.30743     
14.875726      1683.44051     
14.880523      1649.19188     
14.885319      1632.18875     
